1	合肥	徐州	304.402	5.073366667	4.3486	3.805025
2	徐州	合肥	304.427	5.073783333	4.348957143	3.8053375
3	南京	徐州	310.771	5.179516667	4.439585714	3.8846375
4	徐州	南京	310.84	5.180666667	4.440571429	3.8855
5	南京	合肥	167.01	2.7835	2.385857143	2.087625
6	合肥	南京	167.479	2.791316667	2.392557143	2.0934875
7	镇江	徐州	339.297	5.65495	4.8471	4.2412125
8	徐州	镇江	339.005	5.650083333	4.842928571	4.2375625
9	镇江	合肥	230.591	3.843183333	3.294157143	2.8823875
10	合肥	镇江	231.42	3.857	3.306	2.89275
11	镇江	南京	66.506	1.108433333	0.950085714	0.831325
12	南京	镇江	66.425	1.107083333	0.948928571	0.8303125
13	常州	徐州	411.085	6.851416667	5.872642857	5.1385625
14	徐州	常州	409.138	6.818966667	5.844828571	5.114225
15	常州	合肥	287.074	4.784566667	4.101057143	3.588425
16	合肥	常州	288.187	4.803116667	4.116957143	3.6023375
17	常州	南京	126.735	2.11225	1.8105	1.5841875
18	南京	常州	126.538	2.108966667	1.807685714	1.581725
19	常州	镇江	76.498	1.274966667	1.092828571	0.956225
20	镇江	常州	75.392	1.256533333	1.077028571	0.9424
21	无锡	徐州	464.73	7.7455	6.639	5.809125
22	徐州	无锡	462.734	7.712233333	6.610485714	5.784175
23	无锡	合肥	330.701	5.511683333	4.7243	4.1337625
24	合肥	无锡	331.458	5.5243	4.735114286	4.143225
25	无锡	南京	179.812	2.996866667	2.568742857	2.24765
26	南京	无锡	179.501	2.991683333	2.5643	2.2437625
27	无锡	镇江	130.143	2.16905	1.859185714	1.6267875
28	镇江	无锡	128.988	2.1498	1.842685714	1.61235
29	无锡	常州	55.971	0.93285	0.799585714	0.6996375
30	常州	无锡	55.668	0.9278	0.795257143	0.69585
31	苏州	徐州	498.031	8.300516667	7.114728571	6.2253875
32	徐州	苏州	496.947	8.28245	7.099242857	6.2118375
33	苏州	合肥	365.65	6.094166667	5.223571429	4.570625
34	合肥	苏州	366.297	6.10495	5.232814286	4.5787125
35	苏州	南京	213.681	3.56135	3.052585714	2.6710125
36	南京	苏州	213.748	3.562466667	3.053542857	2.67185
37	苏州	镇江	163.444	2.724066667	2.334914286	2.04305
38	镇江	苏州	163.201	2.720016667	2.331442857	2.0400125
39	苏州	常州	89.634	1.4939	1.280485714	1.120425
40	常州	苏州	89.915	1.498583333	1.2845	1.1239375
41	苏州	无锡	38.975	0.649583333	0.556785714	0.4871875
42	无锡	苏州	39.589	0.659816667	0.565557143	0.4948625
43	上海	徐州	575.075	9.584583333	8.215357143	7.1884375
44	徐州	上海	574.97	9.582833333	8.213857143	7.187125
45	上海	合肥	450.772	7.512866667	6.4396	5.63465
46	合肥	上海	452.185	7.536416667	6.459785714	5.6523125
47	上海	南京	295.816	4.930266667	4.225942857	3.6977
48	南京	上海	296.616	4.9436	4.237371429	3.7077
49	上海	镇江	243.985	4.066416667	3.4855	3.0498125
50	镇江	上海	245.47	4.091166667	3.506714286	3.068375
51	上海	常州	173.416	2.890266667	2.477371429	2.1677
52	常州	上海	174.268	2.904466667	2.489542857	2.17835
53	上海	无锡	124.514	2.075233333	1.778771429	1.556425
54	无锡	上海	126.405	2.10675	1.805785714	1.5800625
55	上海	苏州	91.926	1.5321	1.313228571	1.149075
56	苏州	上海	92.629	1.543816667	1.323271429	1.1578625
57	杭州	徐州	580.002	9.6667	8.285742857	7.250025
58	徐州	杭州	580.207	9.670116667	8.288671429	7.2525875
59	杭州	合肥	381.594	6.3599	5.451342857	4.769925
60	合肥	杭州	382.513	6.375216667	5.464471429	4.7814125
61	杭州	南京	270.064	4.501066667	3.858057143	3.3758
62	南京	杭州	269.936	4.498933333	3.856228571	3.3742
63	杭州	镇江	245.875	4.097916667	3.5125	3.0734375
64	镇江	杭州	246.525	4.10875	3.521785714	3.0815625
65	杭州	常州	192.036	3.2006	2.743371429	2.40045
66	常州	杭州	192.87	3.2145	2.755285714	2.410875
67	杭州	无锡	178.213	2.970216667	2.5459	2.2276625
68	无锡	杭州	178.507	2.975116667	2.5501	2.2313375
69	杭州	苏州	140.693	2.344883333	2.0099	1.7586625
70	苏州	杭州	140.451	2.34085	2.006442857	1.7556375
71	杭州	上海	174.671	2.911183333	2.4953	2.1833875
72	上海	杭州	173.396	2.889933333	2.477085714	2.16745
73	宁波	徐州	706.606	11.77676667	10.09437143	8.832575
74	徐州	宁波	705.79	11.76316667	10.08271429	8.822375
75	宁波	合肥	531.065	8.851083333	7.586642857	6.6383125
76	合肥	宁波	531.968	8.866133333	7.599542857	6.6496
77	宁波	南京	413.83	6.897166667	5.911857143	5.172875
78	南京	宁波	413.213	6.886883333	5.903042857	5.1651625
79	宁波	镇江	372.019	6.200316667	5.314557143	4.6502375
80	镇江	宁波	372.044	6.200733333	5.314914286	4.65055
81	宁波	常州	299.856	4.9976	4.283657143	3.7482
82	常州	宁波	300.842	5.014033333	4.297742857	3.760525
83	宁波	无锡	249.033	4.15055	3.557614286	3.1129125
84	无锡	宁波	250.706	4.178433333	3.581514286	3.133825
85	宁波	苏州	211.513	3.525216667	3.021614286	2.6439125
86	苏州	宁波	212.65	3.544166667	3.037857143	2.658125
87	宁波	上海	208.695	3.47825	2.981357143	2.6086875
88	上海	宁波	209.946	3.4991	2.999228571	2.624325
89	宁波	杭州	149.475	2.49125	2.135357143	1.8684375
90	杭州	宁波	149.442	2.4907	2.134885714	1.868025
91	张家口	徐州	859.234	14.32056667	12.27477143	10.740425
92	徐州	张家口	856.34	14.27233333	12.23342857	10.70425
93	张家口	合肥	1153.154	19.21923333	16.47362857	14.414425
94	合肥	张家口	1149.653	19.16088333	16.42361429	14.3706625
95	张家口	南京	1160.768	19.34613333	16.5824	14.5096
96	南京	张家口	1158.011	19.30018333	16.54301429	14.4751375
97	张家口	镇江	1186.432	19.77386667	16.94902857	14.8304
98	镇江	张家口	1182.821	19.71368333	16.89744286	14.7852625
99	张家口	常州	1238.941	20.64901667	17.69915714	15.4867625
100	常州	张家口	1242.648	20.7108	17.75211429	15.5331
101	张家口	无锡	1288.801	21.48001667	18.41144286	16.1100125
102	无锡	张家口	1284.412	21.40686667	18.34874286	16.05515
103	张家口	苏州	1319.087	21.98478333	18.8441	16.4885875
104	苏州	张家口	1313.651	21.89418333	18.76644286	16.4206375
105	张家口	上海	1367.15	22.78583333	19.53071429	17.089375
106	上海	张家口	1366.076	22.76793333	19.51537143	17.07595
107	张家口	杭州	1427.698	23.79496667	20.39568571	17.846225
108	杭州	张家口	1423.986	23.7331	20.34265714	17.799825
109	张家口	宁波	1527.93	25.4655	21.82757143	19.099125
110	宁波	张家口	1522.226	25.37043333	21.74608571	19.027825
111	承德	徐州	862.046	14.36743333	12.31494286	10.775575
112	徐州	承德	860.509	14.34181667	12.29298571	10.7563625
113	承德	合肥	1162.389	19.37315	16.60555714	14.5298625
114	合肥	承德	1160.332	19.33886667	16.57617143	14.50415
115	承德	南京	1131.061	18.85101667	16.15801429	14.1382625
116	南京	承德	1130.617	18.84361667	16.15167143	14.1327125
117	承德	镇江	1138.411	18.97351667	16.26301429	14.2301375
118	镇江	承德	1138.257	18.97095	16.26081429	14.2282125
119	承德	常州	1187.656	19.79426667	16.96651429	14.8457
120	常州	承德	1195.117	19.91861667	17.0731	14.9389625
121	承德	无锡	1237.516	20.62526667	17.6788	15.46895
122	无锡	承德	1236.881	20.61468333	17.66972857	15.4610125
123	承德	苏州	1267.802	21.13003333	18.11145714	15.847525
124	苏州	承德	1266.12	21.102	18.08742857	15.8265
125	承德	上海	1304.718	21.7453	18.63882857	16.308975
126	上海	承德	1305.492	21.7582	18.64988571	16.31865
127	承德	杭州	1379.677	22.99461667	19.70967143	17.2459625
128	杭州	承德	1379.422	22.99036667	19.70602857	17.242775
129	承德	宁波	1472.618	24.54363333	21.0374	18.407725
130	宁波	承德	1473.211	24.55351667	21.04587143	18.4151375
131	承德	张家口	351.237	5.85395	5.017671429	4.3904625
132	张家口	承德	354.531	5.90885	5.064728571	4.4316375
133	北京	徐州	693.88	11.56466667	9.912571429	8.6735
134	徐州	北京	695.006	11.58343333	9.928657143	8.687575
135	北京	合肥	991.592	16.52653333	14.1656	12.3949
136	合肥	北京	991.521	16.52535	14.16458571	12.3940125
137	北京	南京	995.414	16.59023333	14.2202	12.442675
138	南京	北京	996.677	16.61128333	14.23824286	12.4584625
139	北京	镇江	1005.076	16.75126667	14.35822857	12.56345
140	镇江	北京	1005.482	16.75803333	14.36402857	12.568525
141	北京	常州	1054.321	17.57201667	15.06172857	13.1790125
142	常州	北京	1062.342	17.7057	15.17631429	13.279275
143	北京	无锡	1104.181	18.40301667	15.77401429	13.8022625
144	无锡	北京	1104.106	18.40176667	15.77294286	13.801325
145	北京	苏州	1134.467	18.90778333	16.20667143	14.1808375
146	苏州	北京	1133.345	18.88908333	16.19064286	14.1668125
147	北京	上海	1171.383	19.52305	16.73404286	14.6422875
148	上海	北京	1172.717	19.54528333	16.7531	14.6589625
149	北京	杭州	1246.342	20.77236667	17.80488571	15.579275
150	杭州	北京	1246.647	20.77745	17.80924286	15.5830875
151	北京	宁波	1339.283	22.32138333	19.13261429	16.7410375
152	宁波	北京	1340.436	22.3406	19.14908571	16.75545
153	北京	张家口	193.189	3.219816667	2.759842857	2.4148625
154	张家口	北京	196.126	3.268766667	2.8018	2.451575
155	北京	承德	208.777	3.479616667	2.982528571	2.6097125
156	承德	北京	208.62	3.477	2.980285714	2.60775
157	唐山	徐州	689.318	11.48863333	9.8474	8.616475
158	徐州	唐山	688.66	11.47766667	9.838	8.60825
159	唐山	合肥	988.839	16.48065	14.12627143	12.3604875
160	合肥	唐山	988.175	16.46958333	14.11678571	12.3521875
161	唐山	南京	955.416	15.9236	13.6488	11.9427
162	南京	唐山	954.874	15.91456667	13.64105714	11.935925
163	唐山	镇江	962.766	16.0461	13.7538	12.034575
164	镇江	唐山	962.514	16.0419	13.7502	12.031425
165	唐山	常州	1012.011	16.86685	14.4573	12.6501375
166	常州	唐山	1019.374	16.98956667	14.56248571	12.742175
167	唐山	无锡	1061.871	17.69785	15.16958571	13.2733875
168	无锡	唐山	1061.138	17.68563333	15.15911429	13.264225
169	唐山	苏州	1092.157	18.20261667	15.60224286	13.6519625
170	苏州	唐山	1090.377	18.17295	15.57681429	13.6297125
171	唐山	上海	1129.073	18.81788333	16.12961429	14.1134125
172	上海	唐山	1129.749	18.82915	16.13927143	14.1218625
173	唐山	杭州	1204.032	20.0672	17.20045714	15.0504
174	杭州	唐山	1203.679	20.06131667	17.19541429	15.0459875
175	唐山	宁波	1296.973	21.61621667	18.52818571	16.2121625
176	宁波	唐山	1297.468	21.62446667	18.53525714	16.21835
177	唐山	张家口	355.256	5.920933333	5.075085714	4.4407
178	张家口	唐山	358.018	5.966966667	5.114542857	4.475225
179	唐山	承德	181.419	3.02365	2.5917	2.2677375
180	承德	唐山	181.903	3.031716667	2.598614286	2.2737875
181	唐山	北京	164.297	2.738283333	2.3471	2.0537125
182	北京	唐山	164.632	2.743866667	2.351885714	2.0579
183	秦皇岛	徐州	819.131	13.65218333	11.70187143	10.2391375
184	徐州	秦皇岛	818.718	13.6453	11.69597143	10.233975
185	秦皇岛	合肥	1118.652	18.6442	15.98074286	13.98315
186	合肥	秦皇岛	1118.233	18.63721667	15.97475714	13.9779125
187	秦皇岛	南京	1085.229	18.08715	15.50327143	13.5653625
188	南京	秦皇岛	1084.932	18.0822	15.49902857	13.56165
189	秦皇岛	镇江	1092.579	18.20965	15.60827143	13.6572375
190	镇江	秦皇岛	1092.572	18.20953333	15.60817143	13.65715
191	秦皇岛	常州	1141.824	19.0304	16.31177143	14.2728
192	常州	秦皇岛	1149.432	19.1572	16.42045714	14.3679
193	秦皇岛	无锡	1191.684	19.8614	17.02405714	14.89605
194	无锡	秦皇岛	1191.196	19.85326667	17.01708571	14.88995
195	秦皇岛	苏州	1221.97	20.36616667	17.45671429	15.274625
196	苏州	秦皇岛	1220.435	20.34058333	17.43478571	15.2554375
197	秦皇岛	上海	1258.886	20.98143333	17.98408571	15.736075
198	上海	秦皇岛	1259.807	20.99678333	17.99724286	15.7475875
199	秦皇岛	杭州	1333.845	22.23075	19.05492857	16.6730625
200	杭州	秦皇岛	1333.737	22.22895	19.05338571	16.6717125
201	秦皇岛	宁波	1426.786	23.77976667	20.38265714	17.834825
202	宁波	秦皇岛	1427.526	23.7921	20.39322857	17.844075
203	秦皇岛	张家口	471.21	7.8535	6.731571429	5.890125
204	张家口	秦皇岛	473.673	7.89455	6.766757143	5.9209125
205	秦皇岛	承德	217.698	3.6283	3.109971429	2.721225
206	承德	秦皇岛	217.715	3.628583333	3.110214286	2.7214375
207	秦皇岛	北京	289.205	4.820083333	4.1315	3.6150625
208	北京	秦皇岛	287.94	4.799	4.113428571	3.59925
209	秦皇岛	唐山	140.065	2.334416667	2.000928571	1.7508125
210	唐山	秦皇岛	140.237	2.337283333	2.003385714	1.7529625
211	天津	徐州	603.512	10.05853333	8.6216	7.5439
212	徐州	天津	602.212	10.03686667	8.603028571	7.52765
213	天津	合肥	903.855	15.06425	12.91221429	11.2981875
214	合肥	天津	902.035	15.03391667	12.88621429	11.2754375
215	天津	南京	876.935	14.61558333	12.52764286	10.9616875
216	南京	天津	876.577	14.60961667	12.52252857	10.9572125
217	天津	镇江	884.285	14.73808333	12.63264286	11.0535625
218	镇江	天津	884.217	14.73695	12.63167143	11.0527125
219	天津	常州	933.53	15.55883333	13.33614286	11.669125
220	常州	天津	941.077	15.68461667	13.44395714	11.7634625
221	天津	无锡	983.39	16.38983333	14.04842857	12.292375
222	无锡	天津	982.841	16.38068333	14.04058571	12.2855125
223	天津	苏州	1013.676	16.8946	14.48108571	12.67095
224	苏州	天津	1012.08	16.868	14.45828571	12.651
225	天津	上海	1050.592	17.50986667	15.00845714	13.1324
226	上海	天津	1051.452	17.5242	15.02074286	13.14315
227	天津	杭州	1125.551	18.75918333	16.0793	14.0693875
228	杭州	天津	1125.382	18.75636667	16.07688571	14.067275
229	天津	宁波	1218.492	20.3082	17.40702857	15.23115
230	宁波	天津	1219.171	20.31951667	17.41672857	15.2396375
231	天津	张家口	317.003	5.283383333	4.528614286	3.9625375
232	张家口	天津	319.804	5.330066667	4.568628571	3.99755
233	天津	承德	259.427	4.323783333	3.7061	3.2428375
234	承德	天津	260.065	4.334416667	3.715214286	3.2508125
235	天津	北京	123.644	2.060733333	1.766342857	1.54555
236	北京	天津	124.037	2.067283333	1.771957143	1.5504625
237	天津	唐山	118.473	1.97455	1.692471429	1.4809125
238	唐山	天津	119.095	1.984916667	1.701357143	1.4886875
239	天津	秦皇岛	256.631	4.277183333	3.666157143	3.2078875
240	秦皇岛	天津	257.193	4.28655	3.674185714	3.2149125
241	保定	徐州	600.26	10.00433333	8.575142857	7.50325
242	徐州	保定	600.798	10.0133	8.582828571	7.509975
243	保定	合肥	889.971	14.83285	12.71387143	11.1246375
244	合肥	保定	889.914	14.8319	12.71305714	11.123925
245	保定	南京	901.794	15.0299	12.88277143	11.272425
246	南京	保定	902.469	15.04115	12.89241429	11.2808625
247	保定	镇江	927.458	15.45763333	13.2494	11.593225
248	镇江	保定	927.279	15.45465	13.24684286	11.5909875
249	保定	常州	979.967	16.33278333	13.99952857	12.2495875
250	常州	保定	987.106	16.45176667	14.10151429	12.338825
251	保定	无锡	1029.827	17.16378333	14.71181429	12.8728375
252	无锡	保定	1028.87	17.14783333	14.69814286	12.860875
253	保定	苏州	1060.113	17.66855	15.14447143	13.2514125
254	苏州	保定	1058.109	17.63515	15.11584286	13.2263625
255	保定	上海	1118.285	18.63808333	15.9755	13.9785625
256	上海	保定	1115.747	18.59578333	15.93924286	13.9468375
257	保定	杭州	1168.724	19.47873333	16.69605714	14.60905
258	杭州	保定	1168.444	19.47406667	16.69205714	14.60555
259	保定	宁波	1268.956	21.14926667	18.12794286	15.86195
260	宁波	保定	1266.684	21.1114	18.09548571	15.83355
261	保定	张家口	276.16	4.602666667	3.945142857	3.452
262	张家口	保定	280.112	4.668533333	4.0016	3.5014
263	保定	承德	360.856	6.014266667	5.155085714	4.5107
264	承德	保定	361.286	6.021433333	5.161228571	4.516075
265	保定	北京	152.653	2.544216667	2.180757143	1.9081625
266	北京	保定	153.024	2.5504	2.186057143	1.9128
267	保定	唐山	276.979	4.616316667	3.956842857	3.4622375
268	唐山	保定	276.7	4.611666667	3.952857143	3.45875
269	保定	秦皇岛	415.137	6.91895	5.930528571	5.1892125
270	秦皇岛	保定	414.798	6.9133	5.925685714	5.184975
271	保定	天津	170.018	2.833633333	2.428828571	2.125225
272	天津	保定	170.693	2.844883333	2.438471429	2.1336625
273	石家庄	徐州	555.411	9.25685	7.934442857	6.9426375
274	徐州	石家庄	555.279	9.25465	7.932557143	6.9409875
275	石家庄	合肥	819.156	13.6526	11.70222857	10.23945
276	合肥	石家庄	820.261	13.67101667	11.71801429	10.2532625
277	石家庄	南京	863.014	14.38356667	12.32877143	10.787675
278	南京	石家庄	862.809	14.38015	12.32584286	10.7851125
279	石家庄	镇江	891.179	14.85298333	12.73112857	11.1397375
280	镇江	石家庄	891.335	14.85558333	12.73335714	11.1416875
281	石家庄	常州	961.312	16.02186667	13.73302857	12.0164
282	常州	石家庄	963.123	16.05205	13.7589	12.0390375
283	石家庄	无锡	1009.196	16.81993333	14.41708571	12.61495
284	无锡	石家庄	1008.221	16.80368333	14.40315714	12.6027625
285	石家庄	苏州	1039.482	17.3247	14.84974286	12.993525
286	苏州	石家庄	1037.46	17.291	14.82085714	12.96825
287	石家庄	上海	1097.654	18.29423333	15.68077143	13.720675
288	上海	石家庄	1095.098	18.25163333	15.64425714	13.688725
289	石家庄	杭州	1132.381	18.87301667	16.17687143	14.1547625
290	杭州	石家庄	1132.04	18.86733333	16.172	14.1505
291	石家庄	宁波	1248.325	20.80541667	17.83321429	15.6040625
292	宁波	石家庄	1246.035	20.76725	17.8005	15.5754375
293	石家庄	张家口	362.676	6.0446	5.181085714	4.53345
294	张家口	石家庄	362.528	6.042133333	5.178971429	4.5316
295	石家庄	承德	494.75	8.245833333	7.067857143	6.184375
296	承德	石家庄	495.356	8.255933333	7.076514286	6.19195
297	石家庄	北京	286.547	4.775783333	4.093528571	3.5818375
298	北京	石家庄	287.094	4.7849	4.101342857	3.588675
299	石家庄	唐山	408.569	6.809483333	5.8367	5.1071125
300	唐山	石家庄	409.65	6.8275	5.852142857	5.120625
301	石家庄	秦皇岛	546.727	9.112116667	7.810385714	6.8340875
302	秦皇岛	石家庄	547.748	9.129133333	7.824971429	6.84685
303	石家庄	天津	301.608	5.0268	4.308685714	3.7701
304	天津	石家庄	303.643	5.060716667	4.337757143	3.7955375
305	石家庄	保定	136.009	2.266816667	1.942985714	1.7001125
306	保定	石家庄	136.126	2.268766667	1.944657143	1.701575
307	太原	徐州	715.166	11.91943333	10.21665714	8.939575
308	徐州	太原	717.164	11.95273333	10.2452	8.96455
309	太原	合肥	939.361	15.65601667	13.41944286	11.7420125
310	合肥	太原	938.868	15.6478	13.4124	11.73585
311	太原	南京	1004.444	16.74073333	14.3492	12.55555
312	南京	太原	1005.397	16.75661667	14.36281429	12.5674625
313	太原	镇江	1047.291	17.45485	14.9613	13.0911375
314	镇江	太原	1047.043	17.45071667	14.95775714	13.0880375
315	太原	常州	1117.424	18.62373333	15.9632	13.9678
316	常州	太原	1118.831	18.64718333	15.9833	13.9853875
317	太原	无锡	1171.02	19.517	16.72885714	14.63775
318	无锡	太原	1172.476	19.54126667	16.74965714	14.65595
319	太原	苏州	1205.233	20.08721667	17.21761429	15.0654125
320	苏州	太原	1205.777	20.09628333	17.22538571	15.0722125
321	太原	上海	1283.256	21.3876	18.33222857	16.0407
322	上海	太原	1282.821	21.38035	18.32601429	16.0352625
323	太原	杭州	1273.811	21.23018333	18.1973	15.9226375
324	杭州	太原	1274.628	21.2438	18.20897143	15.93285
325	太原	宁波	1414.076	23.56793333	20.20108571	17.67595
326	宁波	太原	1414.352	23.57253333	20.20502857	17.6794
327	太原	张家口	456.941	7.615683333	6.527728571	5.7117625
328	张家口	太原	455.814	7.5969	6.511628571	5.697675
329	太原	承德	693.711	11.56185	9.910157143	8.6713875
330	承德	太原	692.855	11.54758333	9.897928571	8.6606875
331	太原	北京	485.508	8.0918	6.935828571	6.06885
332	北京	太原	484.593	8.07655	6.922757143	6.0574125
333	太原	唐山	605.975	10.09958333	8.656785714	7.5746875
334	唐山	太原	606.197	10.10328333	8.659957143	7.5774625
335	太原	秦皇岛	744.133	12.40221667	10.63047143	9.3016625
336	秦皇岛	太原	744.295	12.40491667	10.63278571	9.3036875
337	太原	天津	499.014	8.3169	7.128771429	6.237675
338	天津	太原	500.19	8.3365	7.145571429	6.252375
339	太原	保定	334.636	5.577266667	4.780514286	4.18295
340	保定	太原	333.625	5.560416667	4.766071429	4.1703125
341	太原	石家庄	212.243	3.537383333	3.032042857	2.6530375
342	石家庄	太原	212.583	3.54305	3.0369	2.6572875
343	济南	徐州	295.795	4.929916667	4.225642857	3.6974375
344	徐州	济南	295.387	4.923116667	4.219814286	3.6923375
345	济南	合肥	595.639	9.927316667	8.509128571	7.4454875
346	合肥	济南	595.112	9.918533333	8.5016	7.4389
347	济南	南京	597.329	9.955483333	8.533271429	7.4666125
348	南京	济南	597.058	9.950966667	8.5294	7.463225
349	济南	镇江	622.993	10.38321667	8.8999	7.7874125
350	镇江	济南	621.868	10.36446667	8.883828571	7.77335
351	济南	常州	672.988	11.21646667	9.614114286	8.41235
352	常州	济南	679.637	11.32728333	9.7091	8.4954625
353	济南	无锡	722.848	12.04746667	10.3264	9.0356
354	无锡	济南	721.401	12.02335	10.30572857	9.0175125
355	济南	苏州	753.134	12.55223333	10.75905714	9.414175
356	苏州	济南	750.64	12.51066667	10.72342857	9.383
357	济南	上海	811.306	13.52176667	11.59008571	10.141325
358	上海	济南	808.278	13.4713	11.54682857	10.103475
359	济南	杭州	864.259	14.40431667	12.34655714	10.8032375
360	杭州	济南	863.033	14.38388333	12.32904286	10.7879125
361	济南	宁波	961.977	16.03295	13.74252857	12.0247125
362	宁波	济南	959.215	15.98691667	13.70307143	11.9901875
363	济南	张家口	571.811	9.530183333	8.168728571	7.1476375
364	张家口	济南	576.748	9.612466667	8.239257143	7.20935
365	济南	承德	579.463	9.657716667	8.278042857	7.2432875
366	承德	济南	582.629	9.710483333	8.323271429	7.2828625
367	济南	北京	413.679	6.89465	5.9097	5.1709875
368	北京	济南	414.008	6.900133333	5.9144	5.1751
369	济南	唐山	416.627	6.943783333	5.951814286	5.2078375
370	唐山	济南	414.937	6.915616667	5.927671429	5.1867125
371	济南	秦皇岛	546.685	9.111416667	7.809785714	6.8335625
372	秦皇岛	济南	544.75	9.079166667	7.782142857	6.809375
373	济南	天津	324.754	5.412566667	4.639342857	4.059425
374	天津	济南	324.095	5.401583333	4.629928571	4.0511875
375	济南	保定	316.269	5.27115	4.518128571	3.9533625
376	保定	济南	317.774	5.296233333	4.539628571	3.972175
377	济南	石家庄	291.402	4.8567	4.162885714	3.642525
378	石家庄	济南	292.544	4.875733333	4.1792	3.6568
379	济南	太原	480.184	8.003066667	6.859771429	6.0023
380	太原	济南	482.366	8.039433333	6.890942857	6.029575
